202522242 72528 6380 70038775908 41785105258 39953347345 37675 20552
755458 354980 307634615 91857 624891404 3087 291223 302988 150337 9482
9370053374 876214972 308451635 91 4568657567 9114909 61763289 343595380
81510432245 48159860 68100119695 597698 659 78756374266 376233 357632135
8433 869520903 7549 86494 92297 7028 20981305969 403 21881 9606531
2257690 83178906694 8867808 9433318 44693040488 203148480 70212153 476
3354928 948094213 954173721 12271 7902392897 359566 614 543982119
2827016305 5407936 762411 6225567 357 721593 518 77106631603 57291
6333452962 80176987 397 852 666974 47924895 92410 46472 8101 65991
290120829 5275 8902232949 3686 841690180 906463660 40100263736 423858387
2207284 8921632 4420534 696456844 571821771 57360735 73782 45919129
219647974 661230878 267514 8641218708 45 456074469 1447423 86874693
3464846 833224709 60398866 53061035 990639218 5643736163 286 25797637813
42866987070 38767 90396 696942881 534 7382299 98466 6719569359 16984
1996607498 75249259130 38329169641 833009 37034988605 517699588
50809890143 4720 2671971384 2816 26914863 21232869151 35070 543 32472330
48702055305 8508914 522532856 687979116 1514 7976125953 32984662688 8137
48782 281741 942 46963430 627 20753717 7277678 30576 642226629 9879323
45498374148 691503816 3109542806 627401 38167 6050087309 459384 775 814
8011069495 67427322 37575877941 6875591 78750897520 13168 9440288960 327
1922188978 80853 74695656990 1185 774826672 275 25686 6135295135 721313
656822873 358684 477 45072 30299121 39956 79629 42109920217 9486
768706146 380902 246660 67101883421 9635 76064 17624475 52191 96785
480184250 446524632 16893 21055154 241005806 83651178 9532774762 2687
9881 48536 969439348 223830762 86554846480 70242144455 848 1356 98714
2779897 6902 60182462917 642 2858572748 3394 54122491 36374181 1834020
7002461 11124 4239098785 64567 3403 322291 762174779 47039 1378854541
53389 478710 209 426030899 8140538 179 18636736 2978 85721771 979 690
67271 571 1337372 3042439 9058533 2987784762 404 3667943 102821770
97649675766 729 4832798842 36242043 329055742 867971 51635496734
8981738125 705056027 44714 274893321 7248654452 765 886860578 974511
681009928 2523 65508 625 50 283 76 5145843968 273 6980158167 39966
7263604058 17220959 166 692 205991 8045 946735739 495757 392632947 95615
518530 76408 7778729266 52852 3237456804 2155267 525884 485718 610575121
73864151879 2977 39598789 60260 4055616776 81730 86186 4757 80054200
84691 37959 32985 41857 6735 6773469 1668187013 2730945438 4439193 3047
91462907249 3611 3196754713 4425689 362 987019037 80940029575 8119
12111610 58351 5136617 17242 646 707 22042715300 8593 5533619260
2639057679 344657499 3669477947 50168545 18038678 8176591 1883 23115209
54518 753214764 6866180 363 264 538202715 562 58525 16343 39819 7337
66133568523 9850 727574116 37886782023 42846 6217572355 663 7969 5579576
398 892 5595 2016988 7569 10510303 826 4823 705639402 9599683 1061030
8879703 345940 48675 2190908049 659766193 8325533 917220330 7457681556
975551740 338373 64635 30310146 51 5132 5418382 15260571 2499 966 938
88028 43239979 99119 49498 43210765264 9762832686 282 338744 3963 912
6857566 982191 43670633 873315 4738 4075 902 64322399 5298021931 8689458
932176 86927 7777723603 6005611 40282067 97171087 60272 679 31775061607
291281411 4424 1758688280 40512 555064 74932466 74389813 966449595
27512881087 399925 76359300 40417882 2707573212 7041265 37396836792
634852 79023 315592 7770 88632648 101911 55731197 40287631 6013 68349827
92245770490 39 99524421473 802285494 226690389 91954 12234521842 762092
3100788 31673657 983116 5513330145 88466 6731406570 5389621840 370514
23734863050 919 11942121 1464330 3945431700 9471 862753 3633 2702096716
4445 81453629 6529154 90633809391 4759 1728 605 479 759436 53620912409
360499 7384680147 87251566 2057 2321103224 67038 44262 857805 201556010
32509572536 709957 550 12835520 2624824 37681 536180337 8952 5265648
8919 75638 950504545 98808 149 7727 626 94147 570 856 8733 6868 40084
34978706 210 7683 5901 2027249983 200529281 7788 8465 5525 2289 11926256
76291 3045 584 565 94297870797 623021419 65927 6733261 701756080 397917
3415663768 561 6535 672 113 928 160 8318204 4079 34724066930 190 482620
784 331 48965302 8804 91492207723 4347 966 942 66168 622 7319 177682468
3954 1745672 667593450 815618826 629459 7734036 5231992328 36406
76755703269 26141 5721 2885 30642270015 3191784 427 1396 8248504983 363
6293 798111 197 6753 4272 761314101 5894963094 4355 88985673 3113886
7896754726 22330 59457 85016 23980015118 21594550 23562 854 6874 925
8584892 51500651580 394024 11012 315397345 44063045 810090156 181 6551
3564459 8630 60088150 987 7842225504 219474037 89596 1165 18440274
69688861273 105581 8462678700 2130066 57958298 1737 3627 740 3761
45654680712 676 86933 4606638693 14602 2810 704094 79481517313 12246
21556 9695662 23685339790 3367 463333127 1204673 399 68234603608
726673977 343676 78996719 790232 868 32070523 462440277 31995747 21781
5048768682 44249303 436629 696 96892175 72642887690 94299332 8495182514
776076660 5674 9961 333736 96008336 6918804986 998 383032 778 93556
36054784 26446880 4782249 442005 32350118209 243150 3670121 734
804384888 8423988729 930138901 197028818 2149963067 745 682330
3683091629 814152980 98350 348129062 762 41 9817936 5312648940
9930943223 29435277 3821835 40507288 82644978 71576955772 39778299 722
10535 2177485377 17089717 60058 7939 2510852369 32538980 433234
9478878476 10282183375 40126 62064976337 1484680495 474799931 675
462295884 523015 85647273787 29548904 22303670 98284797104 30014 2952704
8006049136 2525589423 45147 2075787 30079695991 20158330 27593693
56868715 6238 902 20345499 5279968 4282797682 5514988 44751096926
59953740 837 9188981 808880036 4852 2529451 356764458 559 51055
3885049594 8960 5349 10130117 219 265 550 567450008 86746977 285091540
950852755 1062788652 284058 6161 176626 495 95840925 24 202306023 6058
9873739 6076486 956 186505 6097172 20568786348 51480 632 7747
63916033895 529 87916 9615332795 1333708 849759428 7182 5954125124
4660909680 9584469497 933021368 6793432 3666264 2113435 8302 4202653734
6795390 60509 161 330 895509150 28012 2396957 321202 9785 63915136
418193 387 436 8514775 91072461 79460325 50302 431640833 538860 458726
196814092 12948 72819324240 9841469 19174 226267 67877560 5287060
912841667 62608 2904824000 214550 24420 40844100 53731600 4490177837 557
51958421959 8113998480 7101 177465835 6509790131 1632285570 37325943050
6615 917208 13416579 707572493 960232337 450 1789848368 33824969074
5259929 8993961 67810844122 2152519 25968727489 40608 180248697 70375745
85669 301 767673 7333235384 41747091 7716 7521290 611856 7378 512034
16506835 707821 5840520 719807838 9217 660346 5089662 15043929 7012005
76941 21997741 588330 4391034 70766704832 4693041020 9643 39778766541
175873 8659057 20223397644 173284359 87680 44870 5512167 230 54792222
65141530970 3906 9186380867 649 83302530 9045 65768070 7569719 365552782
7950564 572106493 22 341116439 924 365967 470 90802608 21863259481 850
7278 152743 99295 903391 27179530932 8902 521 759168841 66728029778
50341642 13 40944735 34784651100 34809 32547001347 65399 806427770
66595118 67088278 89471382236 67746 15584323508 545202 27693323280 57627
256609 3365240 647038 641342 96325 56882651 44825783007 4409 5196645318
404 821163 4145766363 9556784970 129 15066088964 26878373990 974765 1194
7526192030 6618685 182545722 755 1413138414 94132 23559880 2513 43763771
2055419404 7283 43296539 1389 65152 7349727 65672 523061922 7498 608
2471781284 8055053063 84 54432 72871356 45084764 5620617 310 756156934
78937070 19150281 7279 944190 65163364 7290596 528268568 22536467
22277311 4107 45250239 25640 358285 7436604124 1285 331 30788096946
61653705551 4443280 98865 68333834 9929191282 49211942377 2095208209
3065 113
